0,535
0,534
0,533
0,532
0,531
0,530
0,529
0,528
0,527
0,526
0,525
0,524
0,523
0,522
39,5
39,4
39,1
39,3
43,4
37,4
0,273
0,270
65,35
3,2
3,1
3,3
10,165
10,31
10,25
10,255
10,237
10,139
10,161
10,223
10,2
10,3
62,3
62,2
62,1
62,0
61,3
11,15
11,10
11,14
61,2
61,1
61,0
60,4
60,3
60,2
60,1
60,0
59,5
59,4
59,3
9,7
9,1
9,5
59,2
59,1
59,0
57,5
57,4
57,3
9,2
57,2
57,1
57,0
55,5
55,4
55,3
55,2
9,3
55,1
55,0
53,5
53,4
53,3
53,2
53,1
51,5
51,4
51,3
8,6
8,5
8,14
51,2
8,9
51,1
8,13
8,2
8,3
0,432
50,3
50,1
46,3
46,2
46,1
43,5
43,3
43,1
41,3
41,1
37,5
37,3
37,1
36,4
36,3
36,1
35,3
35,2
35,1
33,3
33,1
31,3
31,1
20,3
20,2
20,1
19,3
19,2
19,1
14,4
12,3
